<?xml version="1.0"?>
<opencv_storage>
<hog_64x64_16x32_8x16_8x16_1>
  <winSize>
    64 64</winSize>
  <blockSize>
    16 32</blockSize>
  <blockStride>
    8 16</blockStride>
  <cellSize>
    8 16</cellSize>
  <nbins>9</nbins>
  <derivAperture>1</derivAperture>
  <winSigma>6.</winSigma>
  <histogramNormType>0</histogramNormType>
  <L2HysThreshold>2.0000000000000001e-001</L2HysThreshold>
  <gammaCorrection>0</gammaCorrection>
  <SVMDetector>
    -1.10669456e-001 -2.47032672e-001 -3.37871790e-001 1.31240636e-001
    9.65480655e-002 -1.64718643e-001 -9.77417305e-002 -2.80516565e-001
    -8.37531313e-002 6.51476920e-001 -6.19913749e-002 -8.19586366e-002
    3.27414036e-001 3.74702007e-001 -5.61138988e-002 -3.08808982e-001
    -2.20668763e-001 9.83757153e-002 -6.01016842e-002 -3.08426261e-001
    -1.10012151e-001 4.07161295e-001 2.16006383e-001 2.34530643e-001
    1.98575810e-001 -1.40429303e-001 7.36024976e-002 4.68785614e-001
    2.42502287e-001 2.51689881e-001 3.45662296e-001 2.15270787e-001
    1.65904924e-001 4.71623063e-001 3.29848856e-001 8.61617774e-002
    5.69723904e-001 -9.09702033e-002 -3.25052708e-001 -8.10270011e-003
    8.49362090e-002 1.20218977e-001 1.24280632e-001 -2.14963019e-001
    7.37959100e-003 -3.50254327e-002 1.17351659e-001 -4.25156415e-001
    -7.13694543e-002 7.07559735e-002 2.84372658e-001 1.41259909e-001
    1.42286837e-001 1.55413533e-002 9.91076380e-002 -3.42194475e-002
    -1.43088773e-001 5.15095033e-002 -5.17786406e-002 -4.46831957e-002
    4.35128450e-001 3.48115042e-002 5.78461438e-002 -9.94211957e-002
    -1.28772900e-001 -2.63142824e-001 -3.06912094e-001 -3.80208105e-001
    -2.91184932e-001 -7.72517622e-002 2.38942668e-001 -2.04531729e-001
    3.43245625e-001 1.91845223e-001 -4.49756801e-001 -4.86099757e-002
    3.35831046e-001 3.22331041e-001 -2.93497443e-001 -2.46111855e-001
    1.90149724e-001 7.46837705e-002 1.85974196e-001 -1.17209449e-001
    -1.04724303e-001 1.36500165e-001 -3.28369498e-001 -9.37576354e-001
    -5.46541214e-001 4.48398411e-001 3.06433141e-001 4.89288121e-002
    -4.29495901e-001 2.88807541e-001 1.96404427e-001 4.77073267e-002
    -1.24571063e-001 1.30429953e-001 2.30333492e-001 -9.95479748e-002
    -1.21962167e-002 -3.43249261e-001 1.24630429e-001 -2.38186434e-001
    -2.58371264e-001 -3.82308334e-001 2.32922047e-001 3.44491094e-001
    -6.80984557e-002 -2.82551944e-001 -1.22677900e-001 1.71980187e-001
    -3.96813937e-002 6.87348470e-002 2.09049657e-001 -3.94984670e-002
    -1.30518004e-001 3.95292789e-001 -9.31608155e-002 6.90499414e-003
    -4.81491946e-002 -1.13025963e-001 -3.00812662e-001 5.07944524e-001
    5.82266748e-001 2.80648470e-001 1.73607454e-001 2.72735745e-001
    -1.16202123e-001 2.28576630e-001 4.89162765e-002 -3.36711742e-002
    -6.21425807e-002 6.27640858e-002 4.52654362e-002 2.77315527e-001
    5.28298691e-002 -3.24485928e-001 -3.95134956e-001 -3.09583753e-001
    -3.00545275e-001 1.91017687e-001 1.89611226e-001 2.55585611e-001
    1.35781154e-001 -4.68330942e-002 -1.71547383e-001 -2.45415792e-001
    -6.61418885e-002 -2.41672531e-001 5.36105275e-001 4.95602876e-001
    5.36635034e-002 4.64450605e-002 -1.77004203e-001 -2.37942815e-001
    -2.15056762e-001 -1.27803117e-001 -1.49229884e-001 1.64117441e-001
    3.30519855e-001 -1.28968626e-001 1.11100957e-001 -5.43683469e-002
    -1.15022257e-001 -2.44204566e-001 -1.76057637e-001 -2.04720557e-001
    5.16116440e-001 4.37885851e-001 5.11344731e-001 -3.41816545e-001
    -3.09659362e-001 -9.39877406e-002 1.99726075e-001 8.51640180e-002
    1.59295782e-001 4.28608835e-001 2.59270929e-002 -3.79352085e-002
    3.73168319e-001 3.21062386e-001 -1.82554144e-002 4.30191725e-001
    3.88872981e-001 2.26490021e-001 4.09134209e-001 5.87789476e-001
    1.93707749e-001 -5.12007587e-002 9.30698365e-002 -1.02777451e-001
    4.70700338e-002 -3.39152724e-001 -5.41968048e-002 7.28295296e-002
    6.53496206e-001 1.48460537e-001 -6.18193075e-002 -1.36435464e-001
    -2.31920518e-002 2.85709232e-001 -1.72646588e-003 5.61308861e-002
    8.31372514e-002 -6.59209192e-002 3.80756736e-001 -4.08606917e-001
    -3.91273350e-001 -3.00226063e-001 -1.56729966e-001 -4.42338198e-001
    -2.57465959e-001 7.69914612e-002 4.13711786e-001 -3.02136242e-001
    1.96287051e-001 2.16402039e-001 3.78516652e-002 1.94921315e-001
    5.16193397e-002 7.28065819e-002 5.00025414e-002 1.78384677e-001
    2.28605017e-001 1.75478905e-001 -1.91274777e-001 -3.20386767e-001
    -1.73586473e-001 -3.64428669e-001 -1.67439297e-001 1.49652064e-001
    2.84273684e-001 2.12225497e-001 1.92282230e-001 1.20358013e-001
    -2.27838848e-003 -2.43078232e-001 -1.45586267e-001 5.76422038e-003
    -4.04474825e-001 -5.92583157e-002 3.03272218e-001 3.64900827e-001
    2.11646184e-001 -1.33158833e-001 -2.39525482e-001 -4.16325063e-001
    -1.03764169e-001 -3.05613875e-001 -2.75733564e-002 4.18393582e-001
    2.93557346e-001 3.15221518e-001 1.19029082e-001 -1.79989189e-002
    -1.13280341e-001 2.08825588e-001 6.75988853e-001 4.96531844e-001
    4.94843066e-001 -2.49988124e-001 1.61766052e-001 3.14853668e-001
    4.51205254e-001 7.43166208e-002 -3.21939625e-002 2.50550866e-001
    -1.50385037e-001 -4.98956554e-002 1.10539310e-001 2.20101416e-001
    2.29034856e-001 1.21040791e-001 -1.49077892e-001 2.19616368e-001
    3.46618056e-001 8.32195759e-001 8.20682406e-001 -4.23442096e-001
    4.99538593e-002 2.43895307e-001 4.35773224e-001 -2.07828015e-001
    -1.38013184e-001 -2.74284512e-001 -1.81459889e-001 -1.64012924e-001
    9.55868214e-002 1.81612626e-001 4.30835336e-001 7.16762543e-001
    1.67337313e-001 9.49883386e-002 1.47489697e-001 5.67621887e-001
    3.95458400e-001 1.64121184e-002 -2.44171008e-001 -2.26899516e-002
    5.74901104e-001 -2.48626675e-002 3.00528377e-001 7.31984198e-001
    9.68870521e-001 2.76534110e-001 -6.71533883e-001 1.59630805e-001
    4.36246306e-001 4.72692817e-001 -2.19238192e-001 -1.57683894e-001
    -5.37981987e-001 -2.90483594e-001 -2.63238817e-001 -2.40105405e-001
    -1.88546374e-001 8.24347660e-002 7.24115549e-003 -3.06120962e-001
    5.27598336e-002 3.22910577e-001 2.43367270e-001 -1.36615723e-001
    4.10064697e-001 6.71975240e-002 -2.72440732e-001 -2.30999917e-001
    -2.23971725e-001 9.13189650e-002 -4.79481965e-002 1.49303094e-001
    5.86044967e-001 3.99067760e-001 2.13368624e-001 -2.94464886e-001
    -3.11917126e-001 -3.18360090e-001 -1.12788111e-001 -5.33293962e-001
    -5.17144054e-002 3.83151531e-001 2.54241556e-001 3.96878064e-001
    -2.32703805e-001 4.98619117e-002 9.04309452e-002 3.08014005e-001
    1.60290360e-001 1.29402503e-001 2.31737345e-001 1.20205648e-001
    2.86610037e-001 -3.19131434e-001 -2.54384100e-001 -6.95744809e-003
    -8.71672183e-002 -1.49032429e-001 -2.03295246e-001 1.28795087e-001
    5.28657854e-001 2.90002614e-001 2.21644491e-001 3.43927026e-001
    4.86390144e-002 2.90954083e-001 2.01367587e-001 7.81790197e-001
    4.20016468e-001 -4.25372422e-001 -3.41867119e-001 -8.59474540e-002
    3.66532117e-001 8.81976099e-004 -2.12865006e-002 -9.86296758e-002
    -1.01861870e-002 -4.26963687e-001 1.78638697e-001 7.89846480e-001
    4.93505657e-001 5.63383341e-001 7.48313591e-002 2.38176733e-001
    1.24865882e-001 5.47632575e-001 4.12513971e-001 -1.05072707e-001
    -1.68289058e-002 2.58224756e-001 5.24192393e-001 7.61182308e-002
    4.51278061e-001 1.45309925e-001 3.06316048e-001 6.15888275e-002
    -3.21531236e-001 3.87686282e-001 4.62235391e-001 4.22896922e-001
    9.91778225e-002 3.36065441e-002 3.91412480e-003 -4.65189368e-002
    -2.51618177e-001 -3.85521725e-003 -3.02786715e-002 3.04618627e-001
    -1.46509677e-001 -2.15243146e-001 2.20555604e-001 3.65304857e-001
    1.03139222e-001 -2.13789403e-001 -1.55614555e-001 4.89191145e-001
    4.95705575e-001 6.99002862e-001 -1.89245827e-002 1.31429315e-001
    2.67405689e-001 5.85480213e-001 1.48313239e-001 2.15750095e-002
