<?xml version="1.0"?>
<opencv_storage>
<hog_64x64_8x16_8x16_8x16_2>
  <winSize>
    64 64</winSize>
  <blockSize>
    8 16</blockSize>
  <blockStride>
    8 16</blockStride>
  <cellSize>
    8 16</cellSize>
  <nbins>9</nbins>
  <derivAperture>1</derivAperture>
  <winSigma>3.</winSigma>
  <histogramNormType>0</histogramNormType>
  <L2HysThreshold>2.0000000000000001e-001</L2HysThreshold>
  <gammaCorrection>0</gammaCorrection>
  <SVMDetector>
    4.23218578e-001 5.39575219e-001 -4.54531722e-002 3.17285180e-001
    9.46650803e-001 1.39800116e-001 2.90402258e-003 -3.32055748e-001
    1.56927139e-001 8.08582127e-001 4.47328329e-001 -6.56162977e-001
    1.07514775e+000 -1.09655634e-001 6.04600787e-001 3.02429587e-001
    5.69579124e-001 7.11373866e-001 9.31326687e-001 4.91855025e-001
    -5.80636263e-001 3.96935791e-001 7.65788794e-001 5.55475414e-001
    -4.79433894e-001 -4.38774914e-001 1.36307523e-001 1.64439797e-001
    7.51096964e-001 -5.25713146e-001 3.76336068e-001 7.47183859e-001
    7.91579068e-001 -1.77646846e-001 -6.96246207e-001 4.94661033e-001
    6.61894023e-001 -5.04091501e-001 2.57841170e-001 -2.94421744e-002
    1.37758124e+000 -2.86691952e-002 1.32902175e-001 -7.61111200e-001
    -4.74694185e-002 3.01092658e-002 1.77529573e-001 -6.59115851e-001
    7.94608533e-001 -4.33219448e-002 2.19695613e-001 2.11265850e+000
    1.72728920e+000 4.65312749e-001 1.10047758e+000 5.55014908e-002
    -5.59113979e-001 -9.67874900e-002 -1.10314287e-001 -3.10506076e-001
    9.73581076e-002 9.56782222e-001 -1.04189649e-001 1.22017696e-001
    -7.94464886e-001 -7.76505649e-001 4.46972460e-001 1.97046459e-001
    -7.98790276e-001 2.63910554e-002 3.50143522e-001 4.32185262e-001
    1.17892325e+000 5.37403166e-001 3.83942842e-001 5.14139473e-001
    8.60210776e-001 8.60098898e-001 8.19294214e-001 3.64028633e-001
    1.10454607e+000 9.25349414e-001 2.03191549e-001 2.66755279e-002
    1.07002044e+000 -6.11890018e-001 -1.69583887e-001 1.48598588e+000
    1.77608395e+000 2.47285295e+000 6.74019098e-001 3.75551492e-001
    1.20252895e+000 1.31277347e+000 5.18413901e-001 -1.85731664e-001
    4.50854063e-001 4.14866418e-001 4.14238095e-001 -4.49884422e-002
    -2.62118220e-001 3.52252364e-001 7.85691977e-001 -4.38027203e-001
    1.14509203e-001 1.48354864e+000 1.15803349e+000 1.76227164e+000
    1.30733168e+000 8.72758687e-001 -3.30993831e-001 3.46581727e-001
    2.79974669e-001 -4.30496722e-001 7.88917840e-001 1.18153381e+000
    2.08355427e+000 2.25166202e+000 1.50302732e+000 -1.02242231e-001
    2.08772206e+000 -6.57120466e-001 8.51285100e-001 6.72473192e-001
    1.61800706e+000 2.17248869e+000 1.18245828e+000 2.30063677e+000
    2.22127271e+000 1.28481305e+000 1.65818799e+000 9.97553289e-001
    8.17206621e-001 1.27722394e+000 5.41882217e-001 2.03262597e-001
    -6.20262504e-001 4.73360986e-001 8.25019404e-002 1.45141289e-001
    3.56537312e-001 -2.22968996e-001 1.31779045e-001 -1.43124437e+000
    3.23264897e-001 4.17769700e-001 8.71772319e-002 2.82470077e-001
    3.72697949e-001 -1.54066533e-001 -2.41937637e-001 -1.64462730e-001
    7.66541898e-001 1.39603114e+000 1.42154717e+000 1.43559134e+000
    1.08011469e-001 4.53381650e-002 1.21273029e+000 -5.83430946e-001
    3.15614849e-001 1.85653305e+000 3.28453928e-001 7.57529259e-001
    1.20636570e+000 5.44125795e-001 6.50310695e-001 2.38127515e-001
    1.53947031e+000 1.72954571e+000 -7.31989890e-002 -3.31517607e-001
    -7.24475324e-001 4.34908628e-001 2.09004760e-001 -2.03657463e-001
    9.85323265e-002 -4.03587490e-001 -7.45115817e-001 -2.26092026e-001
    1.91673636e-001 -1.24956697e-001 3.63865167e-001 4.53288525e-001
    4.96319026e-001 6.84541404e-001 1.44885123e-001 5.19787848e-001
    5.29376149e-001 1.29656267e+000 5.12474597e-001 2.84327149e-001
    -6.48179054e-001 -2.84785151e-001 1.15667868e+000 -3.83547485e-001
    -7.03015089e-001 2.71876335e-001 -1.23621114e-001 -1.31605864e-002
    3.63387242e-002 -2.86613405e-001 -1.99219838e-001 -5.85503280e-001
    -4.51425403e-001 4.50647861e-001 1.21982098e-001 -5.35937250e-001
    1.23635161e+000 1.19878900e+000 1.66418567e-001 -6.30246550e-002
    -2.74782956e-001 1.42406181e-001 -2.86931247e-001 5.17385602e-002
    7.43166029e-001 -4.66089755e-001 -3.06535155e-001 -2.34720513e-001
    4.15177643e-001 6.31577015e-001 -4.62333709e-001 1.59975201e-001
    5.72878540e-001 -6.77153051e-001 9.05302465e-002 2.51502842e-001
    3.80372524e-001 1.39121637e-001 7.02558517e-001 -1.93529218e-001
    -3.81795853e-001 6.81582391e-001 -7.97061026e-002 5.40363908e-001
    1.17774284e+000 3.34781826e-001 -2.37109795e-001 3.26014191e-001
    -5.49036026e-001 -6.21501803e-001 4.41261560e-001 1.03951693e+000
    6.81526363e-002 8.72842908e-001 -9.85040665e-001 -6.47815347e-001
    7.15776861e-001 2.45401904e-001 -1.56880766e-001 -4.77863476e-002
    -1.55581534e-001 3.80142331e-002 -1.53753236e-001 3.49174142e-001
    -1.94450960e-001 -1.91776812e-001 1.73422977e-001 -4.16283756e-001
    -3.02780330e-001 3.90187488e-003 -1.63516149e-001 -2.37539783e-001
    -2.76383944e-002 1.77353516e-001 1.18595749e-001 2.30896130e-001
    4.72752005e-002 1.16155140e-001 6.01435661e-001 2.32324913e-001
    -2.48487238e-002 5.09337969e-002 6.14936836e-002 6.85238719e-001
    6.78870022e-001 -1.62439242e-001 3.85663807e-001 -5.11428595e-001
    2.31895164e-001 -4.82639700e-001 3.93136859e-001 2.30521768e-001
    -1.61657743e-002 1.60009533e-001 -1.55013457e-001 3.79563540e-001
    -3.38955460e+001</SVMDetector></hog_64x64_8x16_8x16_8x16_2>
</opencv_storage>
